10000000
100100001111110110110011
11111111
10000000
1100000000000000000000000000000000000000
0011111111111111111111111111111111111111
00000001
110101101100110110110000
11111111
10000000
1000100000000000000000000000000000000000
1111011111111111111111111111111111111111
00010000
110101101101110110000000
11100000
00000001
0000000000000000000000000000000000010010
1111111111111111111111111111111111101101
00010000
000101101100110110110011
01010101
00010000
0000000000000001001000000000000000000000
1111111111111110110111111111111111111111
01000000
010101111100110110110011
01011101
0000100
0000000000000000000010100000000000000000
1111111111111111111101011111111111111111
01000000
010101111100110110110011
01011101
0000100
0000000000000000000010001000000000000000
1111111111111111111101110111111111111111
01000000
010101111100110110110011
01011101
0100000
0000010010000000000000000000000000000000
1111101101111111111111111111111111111111
01000000
010101111100110110110011
01011101
0000001
0000000000000000000000000000000000010100
1111111111111111111111111111111111101011

